wavelength	absorption
nm	
250.0	0.062
250.5	0.061
251.0	0.060
251.5	0.060
252.0	0.059
252.5	0.058
253.0	0.057
253.5	0.056
254.0	0.055
254.5	0.054
255.0	0.054
255.5	0.053
256.0	0.052
256.5	0.051
257.0	0.050
257.5	0.049
258.0	0.048
258.5	0.048
259.0	0.047
259.5	0.046
260.0	0.045
260.5	0.044
261.0	0.044
261.5	0.043
262.0	0.042
262.5	0.041
263.0	0.040
263.5	0.039
264.0	0.037
264.5	0.036
265.0	0.035
265.5	0.034
266.0	0.034
266.5	0.033
267.0	0.033
267.5	0.032
268.0	0.031
268.5	0.030
269.0	0.030
269.5	0.029
270.0	0.029
270.5	0.029
271.0	0.028
271.5	0.028
272.0	0.028
272.5	0.028
273.0	0.028
273.5	0.028
274.0	0.028
274.5	0.028
275.0	0.028
275.5	0.028
276.0	0.028
276.5	0.029
277.0	0.030
277.5	0.031
278.0	0.031
278.5	0.031
279.0	0.031
279.5	0.032
280.0	0.032
280.5	0.032
281.0	0.033
281.5	0.033
282.0	0.033
282.5	0.033
283.0	0.033
283.5	0.034
284.0	0.034
284.5	0.035
285.0	0.036
285.5	0.037
286.0	0.037
286.5	0.038
287.0	0.039
287.5	0.040
288.0	0.041
288.5	0.042
289.0	0.043
289.5	0.044
290.0	0.046
290.5	0.047
291.0	0.048
291.5	0.050
292.0	0.051
292.5	0.053
293.0	0.054
293.5	0.056
294.0	0.058
294.5	0.060
295.0	0.062
295.5	0.064
296.0	0.066
296.5	0.069
297.0	0.071
297.5	0.073
298.0	0.075
298.5	0.077
299.0	0.079
299.5	0.081
300.0	0.083
300.5	0.085
301.0	0.087
301.5	0.089
302.0	0.091
302.5	0.092
303.0	0.094
303.5	0.096
304.0	0.097
304.5	0.099
305.0	0.101
305.5	0.102
306.0	0.104
306.5	0.105
307.0	0.107
307.5	0.108
308.0	0.109
308.5	0.111
309.0	0.112
309.5	0.113
310.0	0.114
310.5	0.115
311.0	0.117
311.5	0.118
312.0	0.119
312.5	0.120
313.0	0.121
313.5	0.122
314.0	0.122
314.5	0.123
315.0	0.124
315.5	0.125
316.0	0.126
316.5	0.126
317.0	0.127
317.5	0.127
318.0	0.127
318.5	0.127
319.0	0.127
319.5	0.127
320.0	0.127
320.5	0.126
321.0	0.125
321.5	0.124
322.0	0.122
322.5	0.120
323.0	0.119
323.5	0.117
324.0	0.115
324.5	0.112
325.0	0.110
325.5	0.107
326.0	0.104
326.5	0.101
327.0	0.098
327.5	0.094
328.0	0.091
328.5	0.087
329.0	0.084
329.5	0.080
330.0	0.077
330.5	0.073
331.0	0.069
331.5	0.066
332.0	0.062
332.5	0.059
333.0	0.056
333.5	0.053
334.0	0.050
334.5	0.047
335.0	0.044
335.5	0.042
336.0	0.039
336.5	0.037
337.0	0.035
337.5	0.033
338.0	0.031
338.5	0.030
339.0	0.029
339.5	0.027
340.0	0.026
340.5	0.025
341.0	0.024
341.5	0.023
342.0	0.022
342.5	0.022
343.0	0.021
343.5	0.021
344.0	0.020
344.5	0.020
345.0	0.019
345.5	0.019
346.0	0.019
346.5	0.019
347.0	0.018
347.5	0.018
348.0	0.018
348.5	0.018
349.0	0.017
349.5	0.017
350.0	0.017
350.5	0.017
351.0	0.017
351.5	0.017
352.0	0.017
352.5	0.017
353.0	0.016
353.5	0.016
354.0	0.016
354.5	0.016
355.0	0.016
355.5	0.017
356.0	0.017
356.5	0.017
357.0	0.017
357.5	0.017
358.0	0.017
358.5	0.018
359.0	0.018
359.5	0.018
360.0	0.018
360.5	0.018
361.0	0.018
361.5	0.018
362.0	0.018
362.5	0.019
363.0	0.019
363.5	0.019
364.0	0.019
364.5	0.019
365.0	0.020
365.5	0.020
366.0	0.020
366.5	0.020
367.0	0.020
367.5	0.020
368.0	0.020
368.5	0.021
369.0	0.021
369.5	0.022
370.0	0.022
370.5	0.021
371.0	0.022
371.5	0.021
372.0	0.022
372.5	0.021
373.0	0.022
373.5	0.023
374.0	0.023
374.5	0.024
375.0	0.024
375.5	0.024
376.0	0.024
376.5	0.024
377.0	0.024
377.5	0.025
378.0	0.025
378.5	0.026
379.0	0.026
379.5	0.026
380.0	0.026
380.5	0.027
381.0	0.027
381.5	0.027
382.0	0.028
382.5	0.028
383.0	0.029
383.5	0.029
384.0	0.029
384.5	0.030
385.0	0.030
385.5	0.031
386.0	0.032
386.5	0.032
387.0	0.033
387.5	0.033
388.0	0.034
388.5	0.034
389.0	0.035
389.5	0.035
390.0	0.035
390.5	0.036
391.0	0.036
391.5	0.036
392.0	0.037
392.5	0.037
393.0	0.038
393.5	0.038
394.0	0.038
394.5	0.038
395.0	0.038
395.5	0.039
396.0	0.039
396.5	0.038
397.0	0.038
397.5	0.039
398.0	0.038
398.5	0.038
399.0	0.038
399.5	0.038
400.0	0.037
400.5	0.038
401.0	0.037
401.5	0.037
402.0	0.037
402.5	0.037
403.0	0.037
403.5	0.037
404.0	0.037
404.5	0.037
405.0	0.037
405.5	0.037
406.0	0.037
406.5	0.037
407.0	0.037
407.5	0.037
408.0	0.037
408.5	0.038
409.0	0.038
409.5	0.038
410.0	0.038
410.5	0.039
411.0	0.039
411.5	0.039
412.0	0.040
412.5	0.040
413.0	0.040
413.5	0.041
414.0	0.041
414.5	0.041
415.0	0.042
415.5	0.042
416.0	0.042
416.5	0.042
417.0	0.042
417.5	0.042
418.0	0.042
418.5	0.042
419.0	0.042
419.5	0.042
420.0	0.042
420.5	0.041
421.0	0.041
421.5	0.040
422.0	0.040
422.5	0.039
423.0	0.038
423.5	0.038
424.0	0.037
424.5	0.036
425.0	0.035
425.5	0.034
426.0	0.032
426.5	0.031
427.0	0.030
427.5	0.029
428.0	0.028
428.5	0.026
429.0	0.025
429.5	0.024
430.0	0.023
430.5	0.021
431.0	0.020
431.5	0.019
432.0	0.018
432.5	0.017
433.0	0.016
433.5	0.015
434.0	0.014
434.5	0.013
435.0	0.012
435.5	0.011
436.0	0.011
436.5	0.010
437.0	0.009
437.5	0.009
438.0	0.008
438.5	0.008
439.0	0.007
439.5	0.007
440.0	0.006
440.5	0.006
441.0	0.006
441.5	0.006
442.0	0.005
442.5	0.005
443.0	0.005
443.5	0.005
444.0	0.004
444.5	0.004
445.0	0.004
445.5	0.004
446.0	0.004
446.5	0.004
447.0	0.004
447.5	0.004
448.0	0.004
448.5	0.003
449.0	0.003
449.5	0.003
450.0	0.003
450.5	0.003
451.0	0.003
451.5	0.003
452.0	0.003
452.5	0.003
453.0	0.003
453.5	0.003
454.0	0.003
454.5	0.003
455.0	0.003
455.5	0.003
456.0	0.003
456.5	0.003
457.0	0.003
457.5	0.003
458.0	0.004
458.5	0.004
459.0	0.004
459.5	0.004
460.0	0.004
460.5	0.004
461.0	0.004
461.5	0.004
462.0	0.004
462.5	0.004
463.0	0.005
463.5	0.005
464.0	0.005
464.5	0.005
465.0	0.005
465.5	0.005
466.0	0.005
466.5	0.005
467.0	0.005
467.5	0.005
468.0	0.005
468.5	0.005
469.0	0.005
469.5	0.005
470.0	0.004
470.5	0.004
471.0	0.004
471.5	0.004
472.0	0.004
472.5	0.004
473.0	0.004
473.5	0.004
474.0	0.004
474.5	0.004
475.0	0.004
475.5	0.004
476.0	0.004
476.5	0.004
477.0	0.004
477.5	0.004
478.0	0.004
478.5	0.004
479.0	0.004
479.5	0.004
480.0	0.004
480.5	0.004
481.0	0.004
481.5	0.004
482.0	0.004
482.5	0.005
483.0	0.005
483.5	0.005
484.0	0.005
484.5	0.005
485.0	0.005
485.5	0.005
486.0	0.005
486.5	0.005
487.0	0.006
487.5	0.006
488.0	0.006
488.5	0.006
489.0	0.006
489.5	0.006
490.0	0.006
490.5	0.006
491.0	0.006
491.5	0.006
492.0	0.007
492.5	0.007
493.0	0.007
493.5	0.007
494.0	0.007
494.5	0.007
495.0	0.007
495.5	0.007
496.0	0.007
496.5	0.008
497.0	0.008
497.5	0.008
498.0	0.008
498.5	0.008
499.0	0.008
499.5	0.008
500.0	0.008
500.5	0.008
501.0	0.008
501.5	0.008
502.0	0.009
502.5	0.009
503.0	0.009
503.5	0.009
504.0	0.009
504.5	0.010
505.0	0.010
505.5	0.010
506.0	0.010
506.5	0.011
507.0	0.011
507.5	0.011
508.0	0.011
508.5	0.011
509.0	0.012
509.5	0.012
510.0	0.012
510.5	0.012
511.0	0.013
511.5	0.013
512.0	0.013
512.5	0.013
513.0	0.013
513.5	0.014
514.0	0.014
514.5	0.014
515.0	0.014
515.5	0.014
516.0	0.015
516.5	0.015
517.0	0.015
517.5	0.015
518.0	0.015
518.5	0.016
519.0	0.016
519.5	0.016
520.0	0.016
520.5	0.017
521.0	0.017
521.5	0.017
522.0	0.018
522.5	0.018
523.0	0.018
523.5	0.019
524.0	0.019
524.5	0.019
525.0	0.020
525.5	0.020
526.0	0.021
526.5	0.021
527.0	0.022
527.5	0.022
528.0	0.023
528.5	0.023
529.0	0.024
529.5	0.025
530.0	0.025
530.5	0.026
531.0	0.026
531.5	0.027
532.0	0.027
532.5	0.028
533.0	0.029
533.5	0.029
534.0	0.030
534.5	0.031
535.0	0.032
535.5	0.032
536.0	0.033
536.5	0.034
537.0	0.034
537.5	0.035
538.0	0.036
538.5	0.037
539.0	0.038
539.5	0.038
540.0	0.039
540.5	0.040
541.0	0.041
541.5	0.042
542.0	0.042
542.5	0.043
543.0	0.044
543.5	0.045
544.0	0.046
544.5	0.046
545.0	0.047
545.5	0.048
546.0	0.049
546.5	0.049
547.0	0.050
547.5	0.051
548.0	0.051
548.5	0.052
549.0	0.053
549.5	0.054
550.0	0.054
550.5	0.055
551.0	0.056
551.5	0.057
552.0	0.057
552.5	0.058
553.0	0.059
553.5	0.059
554.0	0.060
554.5	0.061
555.0	0.062
555.5	0.062
556.0	0.063
556.5	0.064
557.0	0.065
557.5	0.066
558.0	0.067
558.5	0.068
559.0	0.069
559.5	0.070
560.0	0.071
560.5	0.072
561.0	0.074
561.5	0.075
562.0	0.076
562.5	0.077
563.0	0.078
563.5	0.080
564.0	0.081
564.5	0.083
565.0	0.084
565.5	0.086
566.0	0.088
566.5	0.090
567.0	0.091
567.5	0.093
568.0	0.095
568.5	0.098
569.0	0.100
569.5	0.102
570.0	0.105
570.5	0.107
571.0	0.110
571.5	0.112
572.0	0.115
572.5	0.118
573.0	0.121
573.5	0.124
574.0	0.127
574.5	0.130
575.0	0.133
575.5	0.137
576.0	0.140
576.5	0.144
577.0	0.148
577.5	0.151
578.0	0.155
578.5	0.159
579.0	0.163
579.5	0.167
580.0	0.171
580.5	0.175
581.0	0.179
581.5	0.183
582.0	0.187
582.5	0.191
583.0	0.196
583.5	0.200
584.0	0.204
584.5	0.208
585.0	0.212
585.5	0.216
586.0	0.220
586.5	0.224
587.0	0.227
587.5	0.231
588.0	0.234
588.5	0.238
589.0	0.241
589.5	0.244
590.0	0.247
590.5	0.250
591.0	0.252
591.5	0.255
592.0	0.257
592.5	0.260
593.0	0.262
593.5	0.263
594.0	0.265
594.5	0.267
595.0	0.268
595.5	0.269
596.0	0.270
596.5	0.271
597.0	0.272
597.5	0.272
598.0	0.272
598.5	0.273
599.0	0.273
599.5	0.273
600.0	0.273
600.5	0.273
601.0	0.273
601.5	0.272
602.0	0.272
602.5	0.271
603.0	0.271
603.5	0.270
604.0	0.270
604.5	0.269
605.0	0.269
605.5	0.269
606.0	0.268
606.5	0.268
607.0	0.268
607.5	0.268
608.0	0.268
608.5	0.269
609.0	0.269
609.5	0.270
610.0	0.271
610.5	0.272
611.0	0.274
611.5	0.276
612.0	0.278
612.5	0.280
613.0	0.283
613.5	0.286
614.0	0.289
614.5	0.292
615.0	0.296
615.5	0.301
616.0	0.305
616.5	0.310
617.0	0.316
617.5	0.321
618.0	0.328
618.5	0.334
619.0	0.341
619.5	0.348
620.0	0.356
620.5	0.364
621.0	0.372
621.5	0.381
622.0	0.390
622.5	0.400
623.0	0.410
623.5	0.421
624.0	0.431
624.5	0.443
625.0	0.454
625.5	0.466
626.0	0.479
626.5	0.492
627.0	0.505
627.5	0.519
628.0	0.533
628.5	0.547
629.0	0.562
629.5	0.577
630.0	0.592
630.5	0.608
631.0	0.624
631.5	0.640
632.0	0.657
632.5	0.673
633.0	0.690
633.5	0.707
634.0	0.724
634.5	0.741
635.0	0.758
635.5	0.775
636.0	0.792
636.5	0.809
637.0	0.825
637.5	0.841
638.0	0.857
638.5	0.872
639.0	0.887
639.5	0.901
640.0	0.915
640.5	0.927
641.0	0.939
641.5	0.950
642.0	0.960
642.5	0.970
643.0	0.978
643.5	0.984
644.0	0.990
644.5	0.995
645.0	0.998
645.5	1.000
646.0	1.000
646.5	0.999
647.0	0.996
647.5	0.993
648.0	0.987
648.5	0.981
649.0	0.973
649.5	0.963
650.0	0.952
650.5	0.940
651.0	0.927
651.5	0.912
652.0	0.897
652.5	0.880
653.0	0.862
653.5	0.843
654.0	0.823
654.5	0.803
655.0	0.781
655.5	0.760
656.0	0.738
656.5	0.715
657.0	0.692
657.5	0.668
658.0	0.645
658.5	0.622
659.0	0.598
659.5	0.575
660.0	0.552
660.5	0.529
661.0	0.507
661.5	0.484
662.0	0.463
662.5	0.442
663.0	0.421
663.5	0.401
664.0	0.382
664.5	0.363
665.0	0.345
665.5	0.327
666.0	0.310
666.5	0.294
667.0	0.278
667.5	0.263
668.0	0.248
668.5	0.235
669.0	0.222
669.5	0.209
670.0	0.197
670.5	0.187
671.0	0.176
671.5	0.165
672.0	0.155
672.5	0.145
673.0	0.136
673.5	0.128
674.0	0.121
674.5	0.113
675.0	0.106
675.5	0.099
676.0	0.092
676.5	0.086
677.0	0.081
677.5	0.076
678.0	0.071
678.5	0.066
679.0	0.062
679.5	0.058
680.0	0.054
680.5	0.050
681.0	0.047
681.5	0.043
682.0	0.040
682.5	0.036
683.0	0.033
683.5	0.030
684.0	0.028
684.5	0.025
685.0	0.023
685.5	0.021
686.0	0.019
686.5	0.017
687.0	0.016
687.5	0.014
688.0	0.013
688.5	0.012
689.0	0.011
689.5	0.010
690.0	0.009
690.5	0.008
691.0	0.008
691.5	0.007
692.0	0.007
692.5	0.006
693.0	0.006
693.5	0.005
694.0	0.005
694.5	0.005
695.0	0.004
695.5	0.004
696.0	0.004
696.5	0.004
697.0	0.004
697.5	0.003
698.0	0.003
698.5	0.003
699.0	0.003
699.5	0.003
700.0	0.003
700.5	0.003
701.0	0.003
701.5	0.003
702.0	0.003
702.5	0.003
703.0	0.003
703.5	0.002
704.0	0.002
704.5	0.002
705.0	0.002
705.5	0.002
706.0	0.002
706.5	0.002
707.0	0.002
707.5	0.002
708.0	0.002
708.5	0.001
709.0	0.001
709.5	0.001
710.0	0.001
710.5	0.001
711.0	0.001
711.5	0.001
712.0	0.001
712.5	0.001
713.0	0.001
713.5	0.001
714.0	0.001
714.5	0.001
715.0	0.001
