Wavelength,Excitation,Emission
300,0,0
301,0,0
302,0,0
303,0,0
304,0,0
305,0,0
306,0,0
307,0,0
308,0,0
309,0,0
310,0,0
311,0,0
312,0,0
313,0,0
314,0,0
315,0,0
316,0,0
317,0,0
318,0,0
319,0,0
320,0,0
321,0,0
322,0,0
323,0,0
324,0,0
325,0,0
326,0,0
327,0,0
328,0,0
329,0,0
330,0,0
331,0,0
332,0,0
333,0,0
334,0,0
335,0,0
336,0,0
337,0,0
338,0,0
339,0,0
340,0,0
341,0,0
342,0,0
343,0,0
344,0,0
345,0,0
346,0,0
347,0,0
348,0,0
349,0,0
350,5.193525,0
351,4.890707,0
352,4.777883,0
353,4.548327,0
354,4.094589,0
355,3.752209,0
356,3.36636,0
357,3.205671,0
358,2.761212,0
359,2.67867,0
360,2.321638,0
361,2.507724,0
362,2.238607,0
363,2.009051,0
364,2.199534,0
365,2.053009,0
366,1.862526,0
367,1.872783,0
368,1.882063,0
369,1.736027,0
370,1.637855,0
371,1.408788,0
372,1.129902,0
373,0.9496765,0
374,0.5540593,0
375,0.4216986,0
376,0.3337835,0
377,0.3044786,0
378,0.2507529,0
379,0.3337835,0
380,0.00654,0
381,0.0993,0
382,0.1872588,0
383,0.4417236,0
384,0.1237647,0
385,0.1779788,0
386,0.2165637,0
387,0.2507529,0
388,0.3782296,0
389,0.2023996,0
390,0.3245037,0
391,0.2458686,0
392,0.2854303,0
393,0.2561255,0
394,0.3093629,0
395,0.2165637,0
396,0.4216986,0
397,0.329388,0
398,0.3923935,0
399,0.4216986,0
400,0.4803084,0
401,0.4173029,0
402,0.6175534,0
403,0.5486868,0
404,0.6707909,0
405,0.6517426,0
406,0.7347732,0
407,0.7152368,0
408,0.7831265,0
409,0.7000958,0
410,0.8666458,0
411,0.6366017,0
412,0.7445416,0
413,0.6810476,0
414,0.7831265,0
415,0.6366017,0
416,0.8075473,0
417,0.7000958,0
418,0.7831265,0
419,0.7782422,0
420,0.9296514,0
421,0.6810476,0
422,0.9154873,0
423,0.8617616,0
424,0.9296514,0
425,1.237354,0
426,1.193396,0
427,1.232958,0
428,1.330641,0
429,1.569965,0
430,1.530892,0
431,1.628087,0
432,1.721374,0
433,1.940673,0
434,2.150692,0
435,2.375852,0
436,2.433974,0
437,2.800286,0
438,2.990279,0
439,3.175878,0
440,3.439622,0
441,3.913875,0
442,3.879197,0
443,4.182504,0
444,4.32854,0
445,4.714389,0
446,4.866286,0
447,5.193525,0
448,5.500739,0
449,6.008692,0
450,6.351072,0
451,6.717384,0
452,7.21508,0
453,7.561855,0
454,7.99215,0
455,8.636371,0
456,9.02222,0
457,9.589272,0
458,10.01908,0
459,10.74193,0
460,11.08334,0
461,11.772,0
462,12.23649,0
463,12.92027,0
464,13.6231,0
465,14.2683,0
466,14.71227,0
467,15.66028,0
468,16.28057,0
469,17.03225,0
470,17.71603,0
471,18.57125,0
472,19.33757,0
473,20.12392,0
474,20.77889,0
475,21.67709,0
476,22.42436,0
477,23.29423,0
478,24.10451,0
479,25.1888,0
480,26.11728,0
481,27.09899,0
482,28.0514,0
483,29.26268,0
484,30.06368,0
485,31.19632,0
486,32.18341,0
487,33.27697,0
488,34.36174,0
489,35.48461,0
490,36.58355,0
491,37.90716,0
492,38.89376,0
493,40.25155,0
494,41.48725,0
495,42.79669,0
496,43.87609,0
497,45.35062,0
498,46.59657,0
499,47.89576,0
500,49.22425,0
501,50.61086,0
502,51.77867,0
503,53.20435,0
504,54.36727,0
505,55.76903,0
506,57.11657,0
507,58.5237,0
508,59.73448,0
509,61.24857,0
510,62.5331,0
511,63.98858,0
512,65.40987,0
513,66.92934,0
514,68.08688,0
515,69.52283,0
516,70.85571,0
517,72.25796,0
518,73.56154,0
519,74.94376,0
520,76.24344,0
521,77.71357,0
522,78.84621,0
523,80.24845,0
524,81.58671,0
525,82.78822,0
526,83.98434,0
527,85.25423,0
528,86.38295,0
529,87.5742,0
530,88.57106,0
531,89.67,0
532,90.60776,0
533,91.48641,0
534,92.33186,0
535,93.23495,0
536,94.04132,0
537,94.79299,0
538,95.26676,0
539,96.14591,0
540,96.72762,0
541,97.23557,0
542,97.69907,0
543,98.2461,0
544,98.56845,0
545,98.99387,0
546,99.1399,0
547,99.38948,0
548,99.50182,0
549,99.79926,0
550,99.78021,2.440688
551,99.9116,2.178655
552,99.96044,2.057277
553,100,2.081484
554,99.85298,2.172084
555,99.74065,2.302799
556,99.49693,2.427288
557,99.26738,2.652666
558,98.85661,2.854789
559,98.37846,3.031409
560,97.74792,3.259726
561,97.2258,3.449486
562,96.66363,3.716707
563,96.10195,3.929981
564,95.44747,4.176367
565,94.67089,4.409266
566,94.0462,4.667842
567,93.13238,4.82916
568,92.38559,5.161651
569,91.44783,5.568143
570,90.58773,5.882048
571,89.57231,6.270041
572,88.57594,6.643768
573,87.44722,7.120546
574,86.37319,7.547097
575,85.19073,8.222107
576,84.07714,8.752138
577,82.7047,9.496828
578,81.55692,10.0445
579,80.03355,10.87927
580,78.73875,11.58047
581,77.11771,12.28583
582,75.72522,13.08291
583,74.11833,13.97768
584,72.53635,14.72453
585,70.86549,15.58109
586,69.20486,16.57372
587,67.48614,17.43304
588,65.76691,18.59425
589,63.94951,19.66564
590,62.25959,20.74343
591,60.38407,22.02048
592,58.5237,23.3814
593,56.68237,24.5497
594,55.03152,26.05092
595,53.19019,27.29201
596,51.3684,28.81909
597,49.50216,30.50099
598,47.61736,31.95484
599,45.82976,33.87959
600,44.04655,35.41392
601,42.34686,37.17295
602,40.58368,39.04928
603,38.81561,41.19076
604,37.16476,42.87829
605,35.46556,44.82534
606,33.77515,46.76841
607,32.30014,48.92995
608,30.79142,51.56446
609,29.14057,53.27931
610,27.76275,55.09651
611,26.27357,57.37605
612,24.86693,59.33625
613,23.49399,61.97663
614,22.22899,64.13437
615,20.99379,66.78367
616,19.69411,68.77731
617,18.60055,71.25673
618,17.34483,73.62039
619,16.36849,76.00549
620,15.35209,78.04115
621,14.40506,80.45513
622,13.45753,82.84049
623,12.63699,84.02366
624,11.79154,86.24995
625,10.99103,87.92425
626,10.31213,89.31871
627,9.672302,90.73702
628,8.934793,92.61862
629,8.246127,94.49151
630,7.723521,94.58643
631,7.107629,95.63007
632,6.565975,97.46543
633,6.130796,97.92042
634,5.647264,98.58973
635,5.217946,98.91997
636,4.772999,99.75102
637,4.489717,100
638,4.114125,99.61702
639,3.801539,99.26828
640,3.478696,99.6478
641,3.15683,98.84415
642,2.921901,98.76531
643,2.653761,97.90572
644,2.433974,96.41236
645,2.190254,96.59789
646,2.009051,94.98877
647,1.770216,93.96113
648,1.642739,92.35279
649,1.457141,91.27042
650,1.388763,89.78788
651,0,88.05271
652,0,86.93983
653,0,85.47949
654,0,84.31664
655,0,82.54681
656,0,81.23864
657,0,79.77821
658,0,77.86497
659,0,76.29778
660,0,74.55129
661,0,73.4213
662,0,71.88445
663,0,70.18561
664,0,68.86895
665,0,67.56657
666,0,65.5558
667,0,63.88608
668,0,62.14011
669,0,61.50418
670,0,59.91123
671,0,58.396
672,0,56.73813
673,0,55.88132
674,0,54.5364
675,0,53.49976
676,0,52.07185
677,0,50.4801
678,0,49.17262
679,0,48.18682
680,0,47.29482
681,0,45.68163
682,0,44.7369
683,0,43.61805
684,0,42.60294
685,0,41.61472
686,0,40.54679
687,0,39.40606
688,0,38.52599
689,0,37.49549
690,0,36.81815
691,0,36.10181
692,0,35.39421
693,0,34.57578
694,0,33.94417
695,0,33.04871
696,0,32.4203
697,0,31.7273
698,0,30.76
699,0,30.09052
700,0,29.01888
701,0,28.28335
702,0,27.50831
703,0,27.01088
704,0,26.62919
705,0,25.11163
706,0,24.73427
707,0,24.14467
708,0,23.53641
709,0,22.50305
710,0,21.94441
711,0,21.74289
712,0,20.73236
713,0,20.34696
714,0,19.64861
715,0,19.13985
716,0,18.76067
717,0,18.40812
718,0,18.12647
719,0,17.79804
720,0,17.41247
721,0,17.09649
722,0,16.89817
723,0,16.43073
724,0,15.90554
725,0,15.80128
726,0,14.98077
727,0,15.15808
728,0,14.71995
729,0,14.39904
730,0,13.91146
731,0,13.40736
732,0,13.30457
733,0,13.11066
734,0,12.55218
735,0,12.40124
736,0,11.71257
737,0,11.62283
738,0,11.14502
739,0,11.22845
740,0,10.68813
741,0,10.53372
742,0,10.13527
743,0,10.34855
744,0,9.904186
745,0,9.597631
746,0,9.36257
747,0,8.9521
748,0,8.87879
749,0,8.568085
750,0,8.233777
751,0,0
752,0,0
753,0,0
754,0,0
755,0,0
756,0,0
757,0,0
758,0,0
759,0,0
760,0,0
761,0,0
762,0,0
763,0,0
764,0,0
765,0,0
766,0,0
767,0,0
768,0,0
769,0,0
770,0,0
771,0,0
772,0,0
773,0,0
774,0,0
775,0,0
776,0,0
777,0,0
778,0,0
779,0,0
780,0,0
781,0,0
782,0,0
783,0,0
784,0,0
785,0,0
786,0,0
787,0,0
788,0,0
789,0,0
790,0,0
791,0,0
792,0,0
793,0,0
794,0,0
795,0,0
796,0,0
797,0,0
798,0,0
799,0,0
800,0,0
801,0,0
802,0,0
803,0,0
804,0,0
805,0,0
806,0,0
807,0,0
808,0,0
809,0,0
810,0,0
811,0,0
812,0,0
813,0,0
814,0,0
815,0,0
816,0,0
817,0,0
818,0,0
819,0,0
820,0,0
821,0,0
822,0,0
823,0,0
824,0,0
825,0,0
826,0,0
827,0,0
828,0,0
829,0,0
830,0,0
831,0,0
832,0,0
833,0,0
834,0,0
835,0,0
836,0,0
837,0,0
838,0,0
839,0,0
840,0,0
841,0,0
842,0,0
843,0,0
844,0,0
845,0,0
846,0,0
847,0,0
848,0,0
849,0,0
850,0,0
851,0,0
852,0,0
853,0,0
854,0,0
855,0,0
856,0,0
857,0,0
858,0,0
859,0,0
860,0,0
861,0,0
862,0,0
863,0,0
864,0,0
865,0,0
866,0,0
867,0,0
868,0,0
869,0,0
870,0,0
871,0,0
872,0,0
873,0,0
874,0,0
875,0,0
876,0,0
877,0,0
878,0,0
879,0,0
880,0,0
881,0,0
882,0,0
883,0,0
884,0,0
885,0,0
886,0,0
887,0,0
888,0,0
889,0,0
890,0,0
891,0,0
892,0,0
893,0,0
894,0,0
895,0,0
896,0,0
897,0,0
898,0,0
899,0,0
900,0,0
901,0,0
902,0,0
903,0,0
904,0,0
905,0,0
906,0,0
907,0,0
908,0,0
909,0,0
910,0,0
911,0,0
912,0,0
913,0,0
914,0,0
915,0,0
916,0,0
917,0,0
918,0,0
919,0,0
920,0,0
921,0,0
922,0,0
923,0,0
924,0,0
925,0,0
926,0,0
927,0,0
928,0,0
929,0,0
930,0,0
931,0,0
932,0,0
933,0,0
934,0,0
935,0,0
936,0,0
937,0,0
938,0,0
939,0,0
940,0,0
941,0,0
942,0,0
943,0,0
944,0,0
945,0,0
946,0,0
947,0,0
948,0,0
949,0,0
